baseline MULTI_AUGMENT vs S4_60K (--scale-importance 0.5 --tail-beta 2.0), 12 seats
   seat   g_base       g_S4 |  c_base%    c_S4% |  s_base%    s_S4% |  face_b%  face_S4%  fmax_b%  fmax_S4% |  col_b col_S4
 100186    41.34   2.33e+04 |    2.087    1.872 |    7.789    3.692 |    3.654     1.369    8.996     4.302 |  0.140  0.280
 100151    18.43   2.90e+03 |    1.361    3.107 |    2.304    3.235 |    1.081     2.384   10.895    21.941 |  0.122  0.270
    120     4.06   1.17e+05 |    1.721    2.343 |    2.459    2.831 |    0.767     3.125    1.880     5.629 |  0.118  0.271
    244     2.85   6.07e+02 |    1.002    2.326 |    1.403    4.396 |    0.911     2.098    1.693     5.233 |  0.127  0.277
 100051     2.84   1.42e+06 |    1.412    9.439 |    1.610    9.599 |    0.691     1.714    1.552     4.362 |  0.111  0.304
 100077     2.66   1.68e+04 |    1.545    3.893 |    2.090    3.935 |    1.120     3.704    5.146     7.264 |  0.104  0.282
 100102     2.65   8.31e+04 |    1.164    4.891 |    1.261    5.290 |    0.761     4.469    1.824     7.403 |  0.106  0.281
    941     2.60   1.13e+04 |    1.149    3.038 |    2.498    3.189 |    0.929     2.788    2.032     5.171 |  0.114  0.276
 100054     2.59   9.98e+03 |    0.682    7.671 |    0.974    7.740 |    0.419     3.151    1.751     6.790 |  0.109  0.304
    403     2.54   1.14e+03 |    1.055    5.580 |    1.090    6.833 |    0.422     5.060    1.057    11.905 |  0.104  0.282
    347     2.53   1.75e+02 |    0.174    4.256 |    0.589    4.930 |    0.633     4.124    2.509     6.018 |  0.104  0.264
 100167     2.42   1.84e+04 |    0.615    1.930 |    0.742    3.310 |    0.397     2.000    1.956     6.061 |  0.123  0.273

worst over 12: compliance 2.087% -> 9.439%   sensitivity 7.789% -> 9.599%
face median 0.764% -> 2.957%   face worst 10.895% -> 21.941%
point-load rel median 0.112 -> 0.279
inside the 3% sensitivity contract: 11/12 -> 1/12

the one seat that improved is the outlier 100186 (its error was concentrated in soft void-pocket nodes)
