   step    seat  e_factor  col_med  col_p90 face_med% face_signed% glob_med% glob_signed%
   2048  100051    0.4323   0.7233   0.8854    28.122      -27.387    38.111      -38.044
   2048     347    0.3399   0.6159   0.8139    28.152      +31.849    25.865      +25.777
  10240  100051    0.1658   0.4177   0.6215     8.149       -9.188     8.556       -8.298
  10240     347    0.1259   0.3552   0.4456     9.479       -8.439     8.863       -8.950
  18432  100051    0.1587   0.2513   0.3275    20.537      -20.199    22.318      -21.900
  18432     347    0.1479   0.2153   0.2659    16.131      +15.972    16.002      +16.140
  26624  100051    0.2617   0.3728   0.4814    41.939      -41.915    45.860      -45.219
  26624     347    0.0943   0.1907   0.2427    10.949      -10.737    11.305      -11.538
  34816  100051    0.1295   0.1995   0.2527    14.652      -15.535    15.430      -15.459
  34816     347    0.0597   0.1438   0.1926     1.415       +1.505     1.480       +1.600
  43008  100051    0.0504   0.1467   0.1812     0.763       +0.682     1.305       +1.157
  43008     347    0.0489   0.1302   0.1699     2.158       -2.196     1.635       -1.682
  51200  100051    0.0407   0.1600   0.2068     5.264       +5.174     4.617       +4.808
  51200     347    0.0581   0.1165   0.1558     1.967       -1.718     1.667       -1.668
  59392  100051    0.0291   0.1143   0.1456     1.508       +1.587     1.206       +1.219
  59392     347    0.0408   0.1068   0.1447     0.677       +1.199     1.335       +1.380
== lattice (dense, validated) ==
CHECK_100051_211     grid [2, 1, 1] modules  2 dofs   22968 c  1.4122% sens  1.6104% split  0.2667% adj 2.2e-14 dense 74s
