   seat load               g     bias  halfvar     2nd%   exact%    meas% rmslog_w rmslog_u maxlog_u
 100051 axial_x        2.842   0.0391   0.0372   -0.194   -0.215   -0.897   0.2727   0.3792    1.044
 100051 shear_y        2.842   0.0359   0.0253   -1.059   -1.109   -1.177   0.2250   0.3792    1.044
 100051 shear_z        2.842   0.0384   0.0270   -1.140   -1.168   -1.239   0.2325   0.3792    1.044
 100051 bending_xy     2.842   0.0379   0.0261   -1.174   -1.225   -1.412   0.2286   0.3792    1.044
 100054 axial_y        2.588   0.0312   0.0358    0.459    0.405   -0.179   0.2676   0.3639    0.951
 100054 shear_x        2.588   0.0261   0.0274    0.133    0.068   -0.003   0.2341   0.3639    0.951
 100054 shear_z        2.588   0.0212   0.0269    0.571    0.533    0.455   0.2319   0.3639    0.951
 100054 bending_yx     2.588   0.0135   0.0222    0.879    0.859    0.682   0.2109   0.3639    0.951
 100077 axial_y        2.658   0.0386   0.0314   -0.721   -0.784   -1.163   0.2506   0.3534    0.977
 100077 shear_x        2.658   0.0367   0.0268   -0.989   -1.038   -1.099   0.2317   0.3534    0.977
 100077 shear_z        2.658   0.0410   0.0292   -1.182   -1.246   -1.304   0.2417   0.3534    0.977
 100077 bending_yx     2.658   0.0397   0.0264   -1.331   -1.432   -1.545   0.2299   0.3534    0.977
 100102 axial_x        2.648   0.0401   0.0328   -0.725   -0.840   -1.164   0.2562   0.3525    0.974
 100102 shear_y        2.648   0.0239   0.0264    0.250    0.210    0.161   0.2299   0.3525    0.974
 100102 shear_z        2.648   0.0244   0.0254    0.101    0.047   -0.010   0.2254   0.3525    0.974
 100102 bending_xy     2.648   0.0271   0.0234   -0.371   -0.445   -0.561   0.2165   0.3525    0.974
 100151 axial_z       18.430   0.0390   0.0291   -0.991   -1.113   -1.361   0.2411   0.3661    2.914
 100151 shear_x       18.430   0.0455   0.0488    0.329   -0.359   -0.413   0.3123   0.3661    2.914
 100151 shear_y       18.430   0.0529   0.0647    1.177    0.393    0.339   0.3596   0.3661    2.914
 100151 bending_zx    18.430   0.0115   0.0180    0.654    0.609    0.535   0.1898   0.3661    2.914
 100167 axial_x        2.420   0.0232   0.0224   -0.075   -0.119   -0.400   0.2119   0.3596    0.884
 100167 shear_y        2.420   0.0141   0.0174    0.334    0.317    0.274   0.1868   0.3596    0.884
 100167 shear_z        2.420   0.0162   0.0180    0.178    0.144    0.100   0.1895   0.3596    0.884
 100167 bending_xy     2.420   0.0077   0.0150    0.732    0.710    0.615   0.1734   0.3596    0.884
 100186 axial_y       41.341   0.1069   0.1622    5.532    2.418    2.087   0.5695   0.3958    3.722
 100186 shear_x       41.341   0.2147   0.3304   11.567   -0.059   -0.127   0.8129   0.3958    3.722
 100186 shear_z       41.341   0.1638   0.2159    5.207   -0.159   -0.207   0.6571   0.3958    3.722
 100186 bending_yx    41.341   0.1108   0.1342    2.342   -1.087   -1.219   0.5181   0.3958    3.722
    120 axial_z        4.062   0.0433   0.0300   -1.326   -1.468   -1.721   0.2450   0.3601    1.402
    120 shear_x        4.062   0.0332   0.0262   -0.705   -0.836   -0.901   0.2288   0.3601    1.402
    120 shear_y        4.062   0.0313   0.0240   -0.733   -0.833   -0.874   0.2189   0.3601    1.402
    120 bending_zx     4.062   0.0243   0.0217   -0.263   -0.356   -0.448   0.2082   0.3601    1.402
    244 axial_x        2.848   0.0248   0.0283    0.355    0.278    0.008   0.2381   0.3640    1.047
    244 shear_y        2.848   0.0173   0.0232    0.592    0.541    0.503   0.2154   0.3640    1.047
    244 shear_z        2.848   0.0192   0.0238    0.467    0.420    0.372   0.2183   0.3640    1.047
    244 bending_xy     2.848   0.0058   0.0170    1.116    1.095    1.002   0.1844   0.3640    1.047
    347 axial_z        2.530   0.0202   0.0230    0.276    0.232   -0.041   0.2143   0.3479    0.928
    347 shear_x        2.530   0.0200   0.0199   -0.018   -0.050   -0.108   0.1993   0.3479    0.928
    347 shear_y        2.530   0.0191   0.0192    0.010   -0.024   -0.074   0.1962   0.3479    0.928
    347 bending_zx     2.530   0.0198   0.0193   -0.044   -0.099   -0.174   0.1966   0.3479    0.928
    403 axial_z        2.537   0.0347   0.0285   -0.622   -0.693   -1.055   0.2388   0.3508    0.931
    403 shear_x        2.537   0.0214   0.0233    0.192    0.169    0.112   0.2158   0.3508    0.931
    403 shear_y        2.537   0.0197   0.0233    0.358    0.351    0.304   0.2160   0.3508    0.931
    403 bending_zx     2.537   0.0242   0.0242   -0.002   -0.063   -0.169   0.2200   0.3508    0.931
    941 axial_y        2.602   0.0329   0.0263   -0.668   -0.737   -0.987   0.2292   0.3571    0.956
    941 shear_x        2.602   0.0324   0.0224   -1.003   -1.101   -1.149   0.2115   0.3571    0.956
    941 shear_z        2.602   0.0299   0.0207   -0.925   -0.996   -1.039   0.2032   0.3571    0.956
    941 bending_yx     2.602   0.0124   0.0184    0.603    0.580    0.500   0.1919   0.3571    0.956

== Spearman vs worst measured compliance ==
         g  +0.811
     rms_u  +0.469
     max_u  +0.811
   maxrmsw  +0.678
   maxhalf  +0.678
   maxbias  +0.930

== g vs the unweighted log spread (is g just a proxy for overall fit quality?) ==
spearman(g, rms_log_mu_unweighted) = +0.720
spearman(rms_log_unweighted, rms_log_energy_weighted) = +0.643

== per seat ==
   seat        g  rmslog_u  maxrmslog_w  maxbias  maxhalfvar%  maxmeas%
    120    4.062    0.3601       0.2450   0.0433        3.002     1.721
    244    2.848    0.3640       0.2381   0.0248        2.834     1.002
    347    2.530    0.3479       0.2143   0.0202        2.297     0.174
    403    2.537    0.3508       0.2388   0.0347        2.851     1.055
    941    2.602    0.3571       0.2292   0.0329        2.627     1.149
 100051    2.842    0.3792       0.2727   0.0391        3.718     1.412
 100054    2.588    0.3639       0.2676   0.0312        3.579     0.682
 100077    2.658    0.3534       0.2506   0.0410        3.139     1.545
 100102    2.648    0.3525       0.2562   0.0401        3.282     1.164
 100151   18.430    0.3661       0.3596   0.0529        6.466     1.361
 100167    2.420    0.3596       0.2119   0.0232        2.244     0.615
 100186   41.341    0.3958       0.8129   0.2147       33.040     2.087
