   seat load              g  w(mu>1)  w(mu<1)   soft%  stiff%    net% n90soft n90stif top1soft% top1stif%   n_eff
 100186 axial_y       41.34    0.531    0.469   17.20  -14.78    2.42    3577    3504     2.125     3.237     419
 100186 shear_x       41.34    0.546    0.454   17.54  -17.60   -0.06    3714    3104     1.592     2.967     513
 100186 shear_z       41.34    0.553    0.447   16.51  -16.67   -0.16    3777    3287     1.693     2.091     700
 100186 bending_yx    41.34    0.524    0.476   11.33  -12.42   -1.09    3826    3571     2.044     3.076     464
 100151 axial_z       18.43    0.536    0.464    8.13   -9.24   -1.11    4031    4667     0.026     0.070    5899
 100151 shear_x       18.43    0.536    0.464    8.19   -8.55   -0.36    3980    4763     0.685     0.351    4899
 100151 shear_y       18.43    0.530    0.470    9.43   -9.04    0.39    3826    4670     0.683     0.368    4642
 100151 bending_zx    18.43    0.492    0.508    6.92   -6.31    0.61    3925    4713     0.028     0.030    4681
    120 axial_z        4.06    0.553    0.447    8.05   -9.52   -1.47    3965    4611     0.044     0.070    5894
    120 shear_x        4.06    0.544    0.456    7.15   -7.99   -0.84    4222    4823     0.058     0.140    4965
    120 shear_y        4.06    0.534    0.466    7.07   -7.90   -0.83    4161    4872     0.044     0.060    5340
    120 bending_zx     4.06    0.523    0.477    6.81   -7.16   -0.36    4007    4770     0.036     0.028    4856
    244 axial_x        2.85    0.525    0.475    8.97   -8.69    0.28    4400    4386     0.022     0.107    5781
    244 shear_y        2.85    0.508    0.492    7.85   -7.31    0.54    4637    4699     0.019     0.098    5052
    244 shear_z        2.85    0.518    0.482    7.88   -7.46    0.42    4651    4717     0.019     0.096    5214
    244 bending_xy     2.85    0.494    0.506    7.08   -5.99    1.10    4241    4571     0.012     0.016    4455
 100051 axial_x        2.84    0.573    0.427   10.08  -10.30   -0.21    3197    3154     0.030     0.022    4749
 100051 shear_y        2.84    0.582    0.418    7.03   -8.14   -1.11    3480    3420     0.011     0.015    3747
 100051 shear_z        2.84    0.587    0.413    7.48   -8.65   -1.17    3477    3370     0.015     0.022    4116
 100051 bending_xy     2.84    0.571    0.429    7.40   -8.62   -1.23    3370    3261     0.015     0.022    4131
 100077 axial_y        2.66    0.568    0.432    9.18   -9.97   -0.78    3307    3644     0.034     0.030    5311
 100077 shear_x        2.66    0.573    0.427    7.78   -8.82   -1.04    3538    3907     0.017     0.018    5051
 100077 shear_z        2.66    0.586    0.414    8.01   -9.26   -1.25    3520    3832     0.057     0.022    5052
 100077 bending_yx     2.66    0.563    0.437    7.56   -8.99   -1.43    3388    3650     0.051     0.085    4763
 100102 axial_x        2.65    0.557    0.443    9.13   -9.97   -0.84    3526    4037     0.028     0.024    6042
 100102 shear_y        2.65    0.542    0.458    8.36   -8.15    0.21    3742    4328     0.030     0.020    5447
 100102 shear_z        2.65    0.539    0.461    8.02   -7.97    0.05    3796    4388     0.016     0.020    5342
 100102 bending_xy     2.65    0.533    0.467    7.56   -8.00   -0.44    3532    4223     0.025     0.014    5191
    941 axial_y        2.60    0.544    0.456    8.02   -8.76   -0.74    3845    4683     0.034     0.015    6003
    941 shear_x        2.60    0.551    0.449    6.72   -7.82   -1.10    4011    4892     0.011     0.088    5120
    941 shear_z        2.60    0.555    0.445    6.47   -7.47   -1.00    4038    4949     0.022     0.014    4963
    941 bending_yx     2.60    0.516    0.484    6.97   -6.39    0.58    3881    4725     0.028     0.011    4654
 100054 axial_y        2.59    0.547    0.453   10.14   -9.73    0.41    3183    3200     0.026     0.035    4924
 100054 shear_x        2.59    0.525    0.475    8.07   -8.00    0.07    3472    3462     0.028     0.088    4152
 100054 shear_z        2.59    0.529    0.471    8.34   -7.81    0.53    3453    3494     0.021     0.060    4265
 100054 bending_yx     2.59    0.523    0.477    7.80   -6.95    0.86    3360    3480     0.024     0.019    3914
    403 axial_z        2.54    0.555    0.445    8.80   -9.50   -0.69    3464    3865     0.025     0.017    5680
    403 shear_x        2.54    0.549    0.451    7.77   -7.60    0.17    3772    4098     0.018     0.014    4904
    403 shear_y        2.54    0.552    0.448    7.89   -7.54    0.35    3725    4116     0.019     0.016    4798
    403 bending_zx     2.54    0.529    0.471    8.18   -8.24   -0.06    3427    3848     0.021     0.033    5062
    347 axial_z        2.53    0.536    0.464    8.12   -7.89    0.23    3556    4382     0.029     0.013    5583
    347 shear_x        2.53    0.536    0.464    7.00   -7.05   -0.05    3767    4580     0.013     0.009    4972
    347 shear_y        2.53    0.526    0.474    6.93   -6.96   -0.02    3796    4557     0.013     0.012    4960
    347 bending_zx     2.53    0.523    0.477    6.91   -7.01   -0.10    3527    4403     0.018     0.026    4905
 100167 axial_x        2.42    0.549    0.451    7.80   -7.92   -0.12    4340    4582     0.013     0.023    5662
 100167 shear_y        2.42    0.502    0.498    6.71   -6.39    0.32    4680    4797     0.011     0.008    4894
 100167 shear_z        2.42    0.514    0.486    6.58   -6.43    0.14    4649    4851     0.010     0.016    4586
 100167 bending_xy     2.42    0.520    0.480    6.58   -5.87    0.71    4136    4483     0.011     0.016    4515
