   seat        g    now%  oracle%    s_or  meanlog%   medlog%  bias_w%  halfvar%  floor%
 100186   41.341   2.418    1.742  0.9967     3.844     2.079   21.473    33.040   1.752
 100151   18.430   1.113    0.866  1.0013     2.398     3.085    5.289     6.466   0.861
    120    4.062   1.468    0.563  1.0046     1.750     2.327    4.329     3.002   0.556
    244    2.848   1.095    0.407  0.9966     1.593     0.865    2.479     2.834   0.409
 100051    2.842   1.225    0.511  1.0036     3.014     1.698    3.912     3.718   0.505
 100077    2.658   1.432    0.329  1.0056     1.023     0.511    4.103     3.139   0.324
 100102    2.648   0.840    0.527  1.0016     0.973     2.043    4.007     3.282   0.525
    941    2.602   1.101    0.843  1.0013     4.208     4.053    3.295     2.627   0.840
 100054    2.588   0.859    0.396  0.9977     0.830     0.724    3.120     3.579   0.396
    403    2.537   0.693    0.524  1.0009     0.819     1.733    3.473     2.851   0.522
    347    2.530   0.232    0.167  0.9997     2.791     3.006    2.022     2.297   0.166
 100167    2.420   0.710    0.413  0.9985     1.544     0.682    2.319     2.244   0.414

worst over seats: now 2.418%  oracle 1.742%  exp(mean log mu) 4.208%  exp(median log mu) 4.053%  irreducible spread 1.752%
worst energy-weighted halfvar (the no-cancellation error) 33.040%
