   seat load               g  1/mumin    pred%    meas%    gap%    soft%   stiff%  cancel     w@min   split%   sensA%
 100186 axial_y       41.341    9.151    2.418    2.087   0.331    17.20   -14.78   0.076  2.00e-07    5.586    7.789
 100186 bending_yx    41.341    9.151   -1.087   -1.219   0.132    11.33   -12.42   0.046  3.44e-09    3.575    2.313
 100186 shear_x       41.341    9.151   -0.059   -0.127   0.068    17.54   -17.60   0.002  6.30e-04    5.934    5.799
 100186 shear_z       41.341    9.151   -0.159   -0.207   0.049    16.51   -16.67   0.005  6.95e-06    5.096    4.878
 100151 axial_z       18.430    9.028   -1.113   -1.361   0.248     8.13    -9.24   0.064  4.58e-08    1.109   -0.267
 100151 bending_zx    18.430    9.028    0.609    0.535   0.074     6.92    -6.31   0.046  3.87e-09    0.372    0.909
 100151 shear_x       18.430    9.028   -0.359   -0.413   0.054     8.19    -8.55   0.021  4.11e-06    0.006   -0.406
 100151 shear_y       18.430    9.028    0.393    0.339   0.054     9.43    -9.04   0.021  8.50e-04   -0.062    0.276
    120 axial_z        4.062    3.504   -1.468   -1.721   0.253     8.05    -9.52   0.084  2.95e-07   -0.750   -2.459
    120 bending_zx     4.062    3.504   -0.356   -0.448   0.091     6.81    -7.16   0.026  5.91e-08   -0.597   -1.043
    120 shear_x        4.062    3.504   -0.836   -0.901   0.065     7.15    -7.99   0.055  5.50e-05   -0.606   -1.502
    120 shear_y        4.062    3.504   -0.833   -0.874   0.041     7.07    -7.90   0.056  1.22e-06   -0.576   -1.445
    244 axial_x        2.848    2.659    0.278    0.008   0.270     8.97    -8.69   0.016  9.90e-07    0.480    0.488
    244 bending_xy     2.848    2.659    1.095    1.002   0.093     7.08    -5.99   0.084  3.96e-07    0.248    1.253
    244 shear_y        2.848    2.659    0.541    0.503   0.039     7.85    -7.31   0.036  4.66e-06    0.896    1.403
    244 shear_z        2.848    2.659    0.420    0.372   0.048     7.88    -7.46   0.027  1.50e-05    0.577    0.951
 100051 axial_x        2.842    2.842   -0.215   -0.897   0.682    10.08   -10.30   0.011  8.76e-07   -0.179   -1.074
 100051 bending_xy     2.842    2.842   -1.225   -1.412   0.187     7.40    -8.62   0.076  8.95e-08   -0.201   -1.610
 100051 shear_y        2.842    2.842   -1.109   -1.177   0.068     7.03    -8.14   0.073  6.80e-07   -0.265   -1.440
 100051 shear_z        2.842    2.842   -1.168   -1.239   0.071     7.48    -8.65   0.072  3.38e-06   -0.086   -1.324
 100077 axial_y        2.658    2.469   -0.784   -1.163   0.379     9.18    -9.97   0.041  1.25e-05   -0.016   -1.178
 100077 bending_yx     2.658    2.469   -1.432   -1.545   0.113     7.56    -8.99   0.087  1.37e-07   -0.554   -2.090
 100077 shear_x        2.658    2.469   -1.038   -1.099   0.060     7.78    -8.82   0.063  4.78e-06   -0.096   -1.194
 100077 shear_z        2.658    2.469   -1.246   -1.304   0.058     8.01    -9.26   0.072  1.58e-05   -0.163   -1.465
 100102 axial_x        2.648    2.599   -0.840   -1.164   0.325     9.13    -9.97   0.044  2.20e-06   -0.098   -1.261
 100102 bending_xy     2.648    2.599   -0.445   -0.561   0.116     7.56    -8.00   0.029  2.22e-06   -0.301   -0.861
 100102 shear_y        2.648    2.599    0.210    0.161   0.049     8.36    -8.15   0.013  4.44e-07   -0.059    0.102
 100102 shear_z        2.648    2.599    0.047   -0.010   0.057     8.02    -7.97   0.003  1.69e-06    0.082    0.072
    941 axial_y        2.602    2.394   -0.737   -0.987   0.250     8.02    -8.76   0.044  1.20e-06    1.793    0.789
    941 bending_yx     2.602    2.394    0.580    0.500   0.080     6.97    -6.39   0.043  2.75e-07    0.973    1.478
    941 shear_x        2.602    2.394   -1.101   -1.149   0.048     6.72    -7.82   0.076  3.24e-06    0.641   -0.515
    941 shear_z        2.602    2.394   -0.996   -1.039   0.043     6.47    -7.47   0.071  2.46e-06    0.710   -0.337
 100054 axial_y        2.588    2.510    0.405   -0.179   0.585    10.14    -9.73   0.020  8.25e-06    0.558    0.378
 100054 bending_yx     2.588    2.510    0.859    0.682   0.177     7.80    -6.95   0.058  7.84e-07    0.176    0.859
 100054 shear_x        2.588    2.510    0.068   -0.003   0.071     8.07    -8.00   0.004  1.11e-06    0.718    0.715
 100054 shear_z        2.588    2.510    0.533    0.455   0.078     8.34    -7.81   0.033  1.58e-05    0.517    0.974
    403 axial_z        2.537    2.462   -0.693   -1.055   0.362     8.80    -9.50   0.038  5.61e-06    0.027   -1.028
    403 bending_zx     2.537    2.462   -0.063   -0.169   0.106     8.18    -8.24   0.004  3.40e-07    0.086   -0.083
    403 shear_x        2.537    2.462    0.169    0.112   0.057     7.77    -7.60   0.011  1.02e-05   -0.380   -0.269
    403 shear_y        2.537    2.462    0.351    0.304   0.047     7.89    -7.54   0.023  3.92e-06   -0.247    0.056
    347 axial_z        2.530    2.439    0.232   -0.041   0.274     8.12    -7.89   0.014  9.11e-07    0.163    0.121
    347 bending_zx     2.530    2.439   -0.099   -0.174   0.074     6.91    -7.01   0.007  3.31e-06   -0.101   -0.274
    347 shear_x        2.530    2.439   -0.050   -0.108   0.059     7.00    -7.05   0.004  4.72e-07    0.390    0.282
    347 shear_y        2.530    2.439   -0.024   -0.074   0.050     6.93    -6.96   0.002  9.41e-08    0.007   -0.067
 100167 axial_x        2.420    2.420   -0.119   -0.400   0.281     7.80    -7.92   0.008  4.07e-06   -0.101   -0.501
 100167 bending_xy     2.420    2.420    0.710    0.615   0.094     6.58    -5.87   0.057  2.32e-06   -0.137    0.477
 100167 shear_y        2.420    2.420    0.317    0.274   0.044     6.71    -6.39   0.024  1.74e-06    0.099    0.373
 100167 shear_z        2.420    2.420    0.144    0.100   0.044     6.58    -6.43   0.011  1.37e-07   -0.066    0.034

== per seat: what predicts the worst measured compliance / sensitivity? ==
   seat        g  1/mumin   g_live softlive     gs16  maxpred%  maxmeas% maxsplit% maxsensA%  partmin  frac3
    120    4.062    3.504    1.873    0.534    1.092     1.468     1.721     0.750     2.459     2.00  0.077
    244    2.848    2.659    2.350    0.957    1.118     1.095     1.002     0.896     1.403     1.94  0.071
    347    2.530    2.439      nan      nan    1.094     0.232     0.174     0.390     0.282     3.27  0.086
    403    2.537    2.462    1.145    0.873    1.112     0.693     1.055     0.380     1.028     1.99  0.076
    941    2.602    2.394      nan      nan    1.141     1.101     1.149     1.793     1.478     1.96  0.078
 100051    2.842    2.842    1.188    1.035    1.099     1.225     1.412     0.265     1.610     2.32  0.079
 100054    2.588    2.510    1.031    0.974    1.084     0.859     0.682     0.718     0.974     1.90  0.081
 100077    2.658    2.469    1.287    1.287    1.106     1.432     1.545     0.554     2.090     2.07  0.079
 100102    2.648    2.599      nan      nan    1.172     0.840     1.164     0.301     1.261     1.98  0.080
 100151   18.430    9.028    1.861    0.949   13.805     1.113     1.361     1.109     0.909     1.97  0.075
 100167    2.420    2.420      nan      nan    1.065     0.710     0.615     0.137     0.501     1.99  0.073
 100186   41.341    9.151    8.091    4.066   27.473     2.418     2.087     5.934     7.789     2.06  0.064

== Spearman vs worst measured compliance / worst sens_A ==
           g  compliance +0.811   sensitivity +0.671
  inv_mu_min  compliance +0.685   sensitivity +0.476
      g_live  compliance -0.189   sensitivity -0.147
   soft_live  compliance -0.287   sensitivity -0.210
        gs16  compliance +0.462   sensitivity +0.315
     maxpred  compliance +0.902   sensitivity +0.853
    maxsplit  compliance +0.378   sensitivity +0.399
    part_min  compliance +0.301   sensitivity +0.217
       frac3  compliance -0.273   sensitivity -0.266

predictor accuracy: max |pred - meas| over all seats/loads = 0.0068
